                      | tire  | hdng  | car   | delta
time: | x:    | y:    | angle:| theta:| vlcty:| dot:
0.000 , 0.000 , 0.000 , 0.000 , 0.000 , 0.000 , 0.000
0.100 , 0.000 , 0.000 , 0.000 , 0.000 , 0.000 , 0.000
0.200 , 0.000 , 0.000 , 0.000 , 0.000 , 0.000 , 0.000
0.300 , 0.000 , 0.000 , 0.000 , 0.000 , 0.000 , 0.000
0.400 , 0.000 , 0.000 , 0.000 , 0.000 , 0.000 , 0.000
0.500 , 0.000 , 0.000 , 0.000 , 0.000 , 0.000 , 0.000
0.600 , 0.000 , 0.000 , 0.000 , 0.000 , 0.000 , 0.000
0.700 , 0.000 , 0.000 , 0.000 , 0.000 , 0.000 , 0.000
0.800 , 0.000 , 0.000 , 0.000 , 0.000 , 0.000 , 0.000
0.900 , 0.000 , 0.000 , 0.000 , 0.000 , 0.000 , 0.000
1.000 , 0.000 , 0.000 , 0.000 , 0.000 , 0.000 , 0.000
1.100 , 0.000 , 0.000 , 0.000 , 0.000 , 0.000 , 0.000
1.200 , 0.000 , 0.000 , 0.000 , 0.000 , 0.000 , 0.000
1.300 , 0.000 , 0.000 , 0.000 , 0.000 , 0.000 , 0.000
1.400 , 0.000 , 0.000 , 0.000 , 0.000 , 0.000 , 0.000
1.500 , 0.000 , 0.000 , 0.000 , 0.000 , 0.000 , 0.000
1.600 , 0.000 , 0.000 , 0.000 , 0.000 , 0.000 , 0.000
1.700 , 0.000 , 0.000 , 0.000 , 0.000 , 0.000 , 0.000
1.800 , 0.000 , 0.000 , 0.000 , 0.000 , 0.000 , 0.000
1.900 , 0.000 , 0.000 , 0.000 , 0.000 , 0.000 , 0.000
2.000 , 0.000 , 0.000 , 0.000 , 0.000 , 0.000 , 0.000
2.100 , 0.000 , 0.000 , 0.000 , 0.000 , 0.000 , 0.000
2.200 , 0.000 , 0.000 , 0.000 , 0.000 , 0.000 , 0.000
2.300 , 0.000 , 0.000 , 0.000 , 0.000 , 0.000 , 0.000
2.400 , 0.000 , 0.000 , 0.000 , 0.000 , 0.000 , 0.000
2.500 , 0.000 , 0.000 , 0.000 , 0.000 , 0.000 , 0.000
2.600 , 0.000 , 0.000 , 0.000 , 0.000 , 0.000 , 0.000
2.700 , 0.000 , 0.000 , 0.000 , 0.000 , 0.000 , 0.000
2.800 , 0.000 , 0.000 , 0.000 , 0.000 , 0.000 , 0.000
2.900 , 0.000 , 0.000 , 0.000 , 0.000 , 0.000 , 0.000
3.000 , 0.000 , 0.000 , 0.000 , 0.000 , 0.000 , 0.000
3.100 , 0.000 , 0.000 , 0.000 , 0.000 , 0.000 , 0.000
3.200 , 0.000 , 0.000 , 0.000 , 0.000 , 0.000 , 0.000
3.300 , 0.000 , 0.000 , 0.000 , 0.000 , 0.000 , 0.000
3.400 , 0.000 , 0.000 , 0.000 , 0.000 , 0.000 , 0.000
3.500 , 0.000 , 0.000 , 0.000 , 0.000 , 0.000 , 0.000
3.600 , 0.000 , 0.000 , 0.000 , 0.000 , 0.000 , 0.000
3.700 , 0.000 , 0.000 , 0.000 , 0.000 , 0.000 , 0.000
3.800 , 0.000 , 0.000 , 0.000 , 0.000 , 0.497 , 0.000
3.900 , 0.000 , 0.000 , 0.000 , 0.000 , 1.202 , 0.000
4.000 , 0.000 , 0.000 , 0.000 , 0.000 , 1.365 , 0.000
4.100 , 0.000 , 0.000 , 0.000 , 0.000 , 1.745 , 0.000
4.200 , 0.000 , 0.000 , 0.000 , 0.000 , 1.745 , 0.000
4.300 , 0.000 , 0.000 , 0.000 , 0.000 , 1.745 , 0.000
4.400 , 0.000 , 0.000 , 0.000 , 0.000 , 1.745 , 0.000
4.500 , 0.000 , 0.000 , 0.000 , 0.000 , 1.745 , 0.000
4.600 , 0.000 , 0.000 , 0.000 , 0.000 , 1.745 , 0.000
4.700 , 0.000 , 0.000 , 0.000 , 0.000 , 1.745 , 0.000
4.800 , 0.000 , 0.000 , 0.000 , 0.000 , 1.745 , 0.000
4.900 , 0.000 , 0.000 , 0.000 , 0.000 , 1.745 , 0.000
5.000 , 0.000 , 0.000 , 0.000 , 0.000 , 1.745 , 0.000
5.100 , 0.000 , 0.000 , 0.000 , 0.000 , 1.745 , 0.000
5.200 , 0.000 , 0.000 , 0.000 , 0.000 , 1.745 , 0.000
5.300 , 0.000 , 0.000 , 0.000 , 0.000 , 1.745 , 0.000
5.400 , 0.000 , 0.000 , 0.000 , 0.000 , 1.745 , 0.000
5.500 , 0.000 , 0.000 , 0.000 , 0.000 , 1.745 , 0.000
5.600 , 0.000 , 0.000 , 0.000 , 0.000 , 1.799 , 0.000
5.700 , 0.000 , 0.000 , 0.000 , 0.000 , 1.799 , 0.000
5.800 , 0.000 , 0.000 , 0.000 , 0.000 , 2.070 , 0.000
5.900 , 0.000 , 0.000 , 0.000 , 0.000 , 2.287 , 0.000
6.000 , 0.000 , 0.000 , 0.000 , 0.000 , 2.287 , 0.000
6.100 , 0.000 , 0.000 , 0.000 , 0.000 , 2.287 , 0.000
6.200 , 0.000 , 0.000 , 0.000 , 0.000 , 2.450 , 0.000
6.300 , 0.000 , 0.000 , 0.000 , 0.000 , 2.504 , 0.000
6.400 , 0.000 , 0.000 , 0.000 , 0.000 , 2.233 , 0.000
6.500 , 0.000 , 0.000 , 0.000 , 0.000 , 2.124 , 0.000
6.600 , 0.000 , 0.000 , 0.000 , 0.000 , 2.124 , 0.000
6.700 , 0.000 , 0.000 , 0.000 , 0.000 , 1.962 , 0.000
6.800 , 0.000 , 0.000 , 0.000 , 0.000 , 1.962 , 0.000
6.900 , 0.000 , 0.000 , 0.000 , 0.000 , 1.962 , 0.000
7.000 , 0.000 , 0.000 , 0.000 , 0.000 , 1.962 , 0.737
7.100 , 0.000 , 0.000 , 0.074 , 0.000 , 1.962 , 0.163
7.200 , 0.000 , 0.000 , 0.090 , 0.000 , 1.962 , 0.461
7.300 , 0.000 , 0.000 , 0.136 , 0.000 , 1.962 , 0.298
7.400 , 0.000 , 0.000 , 0.166 , 0.000 , 1.962 , 0.000
7.500 , 0.000 , 0.000 , 0.166 , 0.000 , 1.962 , 0.000
7.600 , 0.000 , 0.000 , 0.166 , 0.000 , 1.962 , 0.000
7.700 , 0.000 , 0.000 , 0.166 , 0.000 , 1.962 , 0.000
7.800 , 0.000 , 0.000 , 0.166 , 0.000 , 1.962 , 0.000
7.900 , 0.000 , 0.000 , 0.166 , 0.000 , 1.962 , 0.000
8.000 , 0.000 , 0.000 , 0.166 , 0.000 , 1.962 , 0.000
8.100 , 0.000 , 0.000 , 0.166 , 0.000 , 1.962 , 0.027
8.200 , 0.000 , 0.000 , 0.169 , 0.000 , 1.962 , 0.000
8.300 , 0.000 , 0.000 , 0.169 , 0.000 , 1.799 , 0.000
8.400 , 0.000 , 0.000 , 0.169 , 0.000 , 0.876 , 0.000
8.500 , 0.000 , 0.000 , 0.169 , 0.000 , 0.876 , 0.000
8.600 , 0.000 , 0.000 , 0.169 , 0.000 , 0.876 , 0.000
8.700 , 0.000 , 0.000 , 0.169 , 0.000 , 0.768 , 0.081
8.800 , 0.000 , 0.000 , 0.177 , 0.000 , 0.768 , 0.298
8.900 , 0.000 , 0.000 , 0.206 , 0.000 , 1.473 , 0.081
9.000 , 0.000 , 0.000 , 0.215 , 0.000 , 1.907 , 0.081
9.100 , 0.000 , 0.000 , 0.223 , 0.000 , 2.070 , 0.217
9.200 , 0.000 , 0.000 , 0.244 , 0.000 , 2.233 , 0.054
9.300 , 0.000 , 0.000 , 0.250 , 0.000 , 2.342 , 0.000
9.400 , 0.000 , 0.000 , 0.250 , 0.000 , 2.342 , 0.000
9.500 , 0.000 , 0.000 , 0.250 , 0.000 , 2.342 , 0.000
9.600 , 0.000 , 0.000 , 0.250 , 0.000 , 2.342 , 0.000
9.700 , 0.000 , 0.000 , 0.250 , 0.000 , 2.342 , 0.000
9.800 , 0.000 , 0.000 , 0.250 , 0.000 , 1.907 , 0.000
9.900 , 0.000 , 0.000 , 0.250 , 0.000 , 1.636 , 0.000
10.000 , 0.000 , 0.000 , 0.250 , 0.000 , 1.636 , 0.000
10.100 , 0.000 , 0.000 , 0.250 , 0.000 , 1.907 , 0.000
10.200 , 0.000 , 0.000 , 0.250 , 0.000 , 2.287 , 0.000
10.300 , 0.000 , 0.000 , 0.250 , 0.000 , 2.342 , 0.000
10.400 , 0.000 , 0.000 , 0.250 , 0.000 , 2.450 , 0.000
10.500 , 0.000 , 0.000 , 0.250 , 0.000 , 2.613 , 0.000
10.600 , 0.000 , 0.000 , 0.250 , 0.000 , 2.667 , 0.000
10.700 , 0.000 , 0.000 , 0.250 , 0.000 , 2.776 , 0.000
10.800 , 0.000 , 0.000 , 0.250 , 0.000 , 2.938 , 0.000
10.900 , 0.000 , 0.000 , 0.250 , 0.000 , 2.938 , 0.000
11.000 , 0.000 , 0.000 , 0.250 , 0.000 , 2.938 , 0.000
11.100 , 0.000 , 0.000 , 0.250 , 0.000 , 2.993 , 0.000
11.200 , 0.000 , 0.000 , 0.250 , 0.000 , 2.993 , 0.000
11.300 , 0.000 , 0.000 , 0.250 , 0.000 , 2.993 , 0.000
11.400 , 0.000 , 0.000 , 0.250 , 0.000 , 2.993 , 0.000
11.500 , 0.000 , 0.000 , 0.250 , 0.000 , 2.993 , 0.000
11.600 , 0.000 , 0.000 , 0.250 , 0.000 , 2.993 , -0.108
11.700 , 0.000 , 0.000 , 0.239 , 0.000 , 2.287 , -1.601
11.800 , 0.000 , 0.000 , 0.079 , 0.000 , 1.907 , -0.791
11.900 , 0.000 , 0.000 , -0.000 , 0.000 , 1.582 , 0.000
12.000 , 0.000 , 0.000 , -0.000 , 0.000 , 1.365 , 0.000
12.100 , 0.000 , 0.000 , -0.000 , 0.000 , 1.256 , 0.000
12.200 , 0.000 , 0.000 , -0.000 , 0.000 , 1.256 , 0.000
12.300 , 0.000 , 0.000 , -0.000 , 0.000 , 1.202 , -0.085
12.400 , 0.000 , 0.000 , -0.009 , 0.000 , 0.876 , -0.353
12.500 , 0.000 , 0.000 , -0.044 , 0.000 , 0.876 , -0.244
12.600 , 0.000 , 0.000 , -0.068 , 0.000 , 0.388 , -0.163
12.700 , 0.000 , 0.000 , -0.085 , 0.000 , 0.000 , 0.000
12.800 , 0.000 , 0.000 , -0.085 , 0.000 , 0.000 , 0.000
12.900 , 0.000 , 0.000 , -0.085 , 0.000 , 0.000 , -0.217
13.000 , 0.000 , 0.000 , -0.106 , 0.000 , 0.000 , -0.380
13.100 , 0.000 , 0.000 , -0.144 , 0.000 , 0.000 , -0.109
13.200 , 0.000 , 0.000 , -0.155 , 0.000 , 0.062 , -0.109
13.300 , 0.000 , 0.000 , -0.166 , 0.000 , 1.256 , 0.000
13.400 , 0.000 , 0.000 , -0.166 , 0.000 , 1.473 , 0.000
13.500 , 0.000 , 0.000 , -0.166 , 0.000 , 1.582 , 0.000
13.600 , 0.000 , 0.000 , -0.166 , 0.000 , 1.962 , -0.109
13.700 , 0.000 , 0.000 , -0.177 , 0.000 , 2.070 , 0.000
13.800 , 0.000 , 0.000 , -0.177 , 0.000 , 2.070 , -0.136
13.900 , 0.000 , 0.000 , -0.191 , 0.000 , 2.070 , -0.163
14.000 , 0.000 , 0.000 , -0.207 , 0.000 , 2.070 , -0.136
14.100 , 0.000 , 0.000 , -0.221 , 0.000 , 2.070 , -0.081
14.200 , 0.000 , 0.000 , -0.229 , 0.000 , 2.070 , -0.081
14.300 , 0.000 , 0.000 , -0.237 , 0.000 , 2.070 , -0.109
14.400 , 0.000 , 0.000 , -0.248 , 0.000 , 2.070 , -0.027
14.500 , 0.000 , 0.000 , -0.250 , 0.000 , 2.070 , 0.000
14.600 , 0.000 , 0.000 , -0.250 , 0.000 , 2.070 , 0.000
14.700 , 0.000 , 0.000 , -0.250 , 0.000 , 2.124 , 0.000
14.800 , 0.000 , 0.000 , -0.250 , 0.000 , 2.233 , 0.000
14.900 , 0.000 , 0.000 , -0.250 , 0.000 , 2.504 , 0.000
15.000 , 0.000 , 0.000 , -0.250 , 0.000 , 2.830 , 0.000
15.100 , 0.000 , 0.000 , -0.250 , 0.000 , 2.830 , 0.000
15.200 , 0.000 , 0.000 , -0.250 , 0.000 , 2.830 , 0.000
15.300 , 0.000 , 0.000 , -0.250 , 0.000 , 3.101 , 0.000
15.400 , 0.000 , 0.000 , -0.250 , 0.000 , 3.101 , 0.000
15.500 , 0.000 , 0.000 , -0.250 , 0.000 , 3.155 , 0.000
15.600 , 0.000 , 0.000 , -0.250 , 0.000 , 3.210 , 0.000
15.700 , 0.000 , 0.000 , -0.250 , 0.000 , 3.210 , 0.000
15.800 , 0.000 , 0.000 , -0.250 , 0.000 , 3.210 , 0.000
15.900 , 0.000 , 0.000 , -0.250 , 0.000 , 3.210 , 0.000
16.000 , 0.000 , 0.000 , -0.250 , 0.000 , 3.210 , 0.000
16.100 , 0.000 , 0.000 , -0.250 , 0.000 , 3.210 , 0.000
16.200 , 0.000 , 0.000 , -0.250 , 0.000 , 3.210 , 0.000
16.300 , 0.000 , 0.000 , -0.250 , 0.000 , 3.210 , 0.000
16.400 , 0.000 , 0.000 , -0.250 , 0.000 , 3.210 , 0.000
16.500 , 0.000 , 0.000 , -0.250 , 0.000 , 3.210 , 0.000
16.600 , 0.000 , 0.000 , -0.250 , 0.000 , 3.210 , 0.000
16.700 , 0.000 , 0.000 , -0.250 , 0.000 , 3.210 , 0.000
16.800 , 0.000 , 0.000 , -0.250 , 0.000 , 3.210 , 0.000
16.900 , 0.000 , 0.000 , -0.250 , 0.000 , 3.210 , 0.000
17.000 , 0.000 , 0.000 , -0.250 , 0.000 , 3.210 , 0.000
17.100 , 0.000 , 0.000 , -0.250 , 0.000 , 3.210 , 0.000
17.200 , 0.000 , 0.000 , -0.250 , 0.000 , 3.210 , 0.000
17.300 , 0.000 , 0.000 , -0.250 , 0.000 , 3.644 , 0.000
17.400 , 0.000 , 0.000 , -0.250 , 0.000 , 3.644 , 0.000
17.500 , 0.000 , 0.000 , -0.250 , 0.000 , 3.644 , 0.000
17.600 , 0.000 , 0.000 , -0.250 , 0.000 , 3.698 , 0.000
17.700 , 0.000 , 0.000 , -0.250 , 0.000 , 3.698 , 0.000
17.800 , 0.000 , 0.000 , -0.250 , 0.000 , 3.698 , 0.000
17.900 , 0.000 , 0.000 , -0.250 , 0.000 , 3.698 , 0.000
18.000 , 0.000 , 0.000 , -0.250 , 0.000 , 3.698 , 0.000
18.100 , 0.000 , 0.000 , -0.250 , 0.000 , 3.698 , 0.000
18.200 , 0.000 , 0.000 , -0.250 , 0.000 , 3.698 , 0.000
18.300 , 0.000 , 0.000 , -0.250 , 0.000 , 3.698 , 0.000
18.400 , 0.000 , 0.000 , -0.250 , 0.000 , 3.698 , 0.000
18.500 , 0.000 , 0.000 , -0.250 , 0.000 , 3.698 , 0.000
18.600 , 0.000 , 0.000 , -0.250 , 0.000 , 3.698 , 0.000
18.700 , 0.000 , 0.000 , -0.250 , 0.000 , 3.698 , 0.000
18.800 , 0.000 , 0.000 , -0.250 , 0.000 , 3.698 , 0.000
18.900 , 0.000 , 0.000 , -0.250 , 0.000 , 3.698 , 0.353
19.000 , 0.000 , 0.000 , -0.215 , 0.000 , 3.698 , 0.705
19.100 , 0.000 , 0.000 , -0.145 , 0.000 , 3.698 , 0.678
19.200 , 0.000 , 0.000 , -0.077 , 0.000 , 3.698 , 0.624
19.300 , 0.000 , 0.000 , -0.014 , 0.000 , 3.807 , 0.140
19.400 , 0.000 , 0.000 , -0.000 , 0.000 , 3.807 , 0.000
19.500 , 0.000 , 0.000 , -0.000 , 0.000 , 3.644 , 0.000
19.600 , 0.000 , 0.000 , -0.000 , 0.000 , 3.155 , 0.000
19.700 , 0.000 , 0.000 , -0.000 , 0.000 , 2.667 , 0.000
19.800 , 0.000 , 0.000 , -0.000 , 0.000 , 2.342 , 0.000
19.900 , 0.000 , 0.000 , -0.000 , 0.000 , 2.342 , 0.000
20.000 , 0.000 , 0.000 , -0.000 , 0.000 , 2.287 , 0.000
20.100 , 0.000 , 0.000 , -0.000 , 0.000 , 2.233 , 0.000
20.200 , 0.000 , 0.000 , -0.000 , 0.000 , 1.962 , 0.000
20.300 , 0.000 , 0.000 , -0.000 , 0.000 , 1.962 , 0.000
20.400 , 0.000 , 0.000 , -0.000 , 0.000 , 1.962 , 0.000
20.500 , 0.000 , 0.000 , -0.000 , 0.000 , 1.907 , 0.000
20.600 , 0.000 , 0.000 , -0.000 , 0.000 , 1.636 , 0.000
20.700 , 0.000 , 0.000 , -0.000 , 0.000 , 1.419 , 0.000
20.800 , 0.000 , 0.000 , -0.000 , 0.000 , 1.365 , 0.000
20.900 , 0.000 , 0.000 , -0.000 , 0.000 , 1.256 , 0.000
21.000 , 0.000 , 0.000 , -0.000 , 0.000 , 1.256 , 0.000
21.100 , 0.000 , 0.000 , -0.000 , 0.000 , 1.256 , 0.000
21.200 , 0.000 , 0.000 , -0.000 , 0.000 , 1.256 , 0.000
21.300 , 0.000 , 0.000 , -0.000 , 0.000 , 1.256 , 0.000
21.400 , 0.000 , 0.000 , -0.000 , 0.000 , 1.256 , 0.000
21.500 , 0.000 , 0.000 , -0.000 , 0.000 , 1.202 , 0.275
21.600 , 0.000 , 0.000 , 0.027 , 0.000 , 1.202 , 0.298
21.700 , 0.000 , 0.000 , 0.057 , 0.000 , 1.365 , 0.000
21.800 , 0.000 , 0.000 , 0.057 , 0.000 , 1.365 , 0.380
21.900 , 0.000 , 0.000 , 0.095 , 0.000 , 1.365 , 0.570
22.000 , 0.000 , 0.000 , 0.152 , 0.000 , 1.419 , 0.163
22.100 , 0.000 , 0.000 , 0.168 , 0.000 , 1.636 , 0.163
22.200 , 0.000 , 0.000 , 0.185 , 0.000 , 1.636 , 0.081
22.300 , 0.000 , 0.000 , 0.193 , 0.000 , 1.745 , 0.190
22.400 , 0.000 , 0.000 , 0.212 , 0.000 , 1.745 , 0.244
22.500 , 0.000 , 0.000 , 0.236 , 0.000 , 1.745 , 0.109
22.600 , 0.000 , 0.000 , 0.247 , 0.000 , 1.745 , 0.027
22.700 , 0.000 , 0.000 , 0.250 , 0.000 , 1.745 , 0.000
22.800 , 0.000 , 0.000 , 0.250 , 0.000 , 1.745 , 0.000
22.900 , 0.000 , 0.000 , 0.250 , 0.000 , 1.745 , 0.000
23.000 , 0.000 , 0.000 , 0.250 , 0.000 , 1.799 , 0.000
23.100 , 0.000 , 0.000 , 0.250 , 0.000 , 1.962 , 0.000
23.200 , 0.000 , 0.000 , 0.250 , 0.000 , 2.124 , 0.000
23.300 , 0.000 , 0.000 , 0.250 , 0.000 , 2.342 , 0.000
23.400 , 0.000 , 0.000 , 0.250 , 0.000 , 2.342 , 0.000
23.500 , 0.000 , 0.000 , 0.250 , 0.000 , 2.450 , 0.000
23.600 , 0.000 , 0.000 , 0.250 , 0.000 , 2.450 , 0.000
23.700 , 0.000 , 0.000 , 0.250 , 0.000 , 2.450 , 0.000
23.800 , 0.000 , 0.000 , 0.250 , 0.000 , 2.450 , 0.000
23.900 , 0.000 , 0.000 , 0.250 , 0.000 , 2.450 , 0.000
24.000 , 0.000 , 0.000 , 0.250 , 0.000 , 2.504 , 0.000
24.100 , 0.000 , 0.000 , 0.250 , 0.000 , 2.938 , 0.000
24.200 , 0.000 , 0.000 , 0.250 , 0.000 , 3.861 , 0.000
24.300 , 0.000 , 0.000 , 0.250 , 0.000 , 4.892 , 0.000
24.400 , 0.000 , 0.000 , 0.250 , 0.000 , 5.000 , 0.000
24.500 , 0.000 , 0.000 , 0.250 , 0.000 , 5.000 , 0.000
24.600 , 0.000 , 0.000 , 0.250 , 0.000 , 5.000 , 0.000
24.700 , 0.000 , 0.000 , 0.250 , 0.000 , 5.000 , 0.000
24.800 , 0.000 , 0.000 , 0.250 , 0.000 , 5.000 , 0.000
24.900 , 0.000 , 0.000 , 0.250 , 0.000 , 5.000 , 0.000
25.000 , 0.000 , 0.000 , 0.250 , 0.000 , 5.000 , 0.000
25.100 , 0.000 , 0.000 , 0.250 , 0.000 , 5.000 , 0.000
25.200 , 0.000 , 0.000 , 0.250 , 0.000 , 5.000 , 0.000
25.300 , 0.000 , 0.000 , 0.250 , 0.000 , 5.000 , 0.000
25.400 , 0.000 , 0.000 , 0.250 , 0.000 , 5.000 , 0.000
25.500 , 0.000 , 0.000 , 0.250 , 0.000 , 5.000 , -1.221
25.600 , 0.000 , 0.000 , 0.128 , 0.000 , 4.729 , -1.085
25.700 , 0.000 , 0.000 , 0.019 , 0.000 , 4.566 , -0.194
25.800 , 0.000 , 0.000 , -0.000 , 0.000 , 4.403 , 0.000
25.900 , 0.000 , 0.000 , -0.000 , 0.000 , 4.349 , 0.000
26.000 , 0.000 , 0.000 , -0.000 , 0.000 , 4.078 , 0.000
26.100 , 0.000 , 0.000 , -0.000 , 0.000 , 3.861 , -0.303
26.200 , 0.000 , 0.000 , -0.031 , 0.000 , 3.807 , -0.543
26.300 , 0.000 , 0.000 , -0.085 , 0.000 , 3.698 , -0.353
26.400 , 0.000 , 0.000 , -0.120 , 0.000 , 3.644 , -0.461
26.500 , 0.000 , 0.000 , -0.166 , 0.000 , 3.481 , -0.407
26.600 , 0.000 , 0.000 , -0.207 , 0.000 , 3.481 , -0.136
26.700 , 0.000 , 0.000 , -0.221 , 0.000 , 3.210 , -0.081
26.800 , 0.000 , 0.000 , -0.229 , 0.000 , 3.210 , -0.027
26.900 , 0.000 , 0.000 , -0.231 , 0.000 , 3.210 , -0.054
27.000 , 0.000 , 0.000 , -0.237 , 0.000 , 3.155 , -0.027
27.100 , 0.000 , 0.000 , -0.240 , 0.000 , 2.938 , -0.081
27.200 , 0.000 , 0.000 , -0.248 , 0.000 , 2.830 , -0.027
27.300 , 0.000 , 0.000 , -0.250 , 0.000 , 2.613 , 0.000
27.400 , 0.000 , 0.000 , -0.250 , 0.000 , 2.450 , 0.000
27.500 , 0.000 , 0.000 , -0.250 , 0.000 , 2.287 , 0.000
27.600 , 0.000 , 0.000 , -0.250 , 0.000 , 1.582 , 0.000
27.700 , 0.000 , 0.000 , -0.250 , 0.000 , 1.093 , 0.000
27.800 , 0.000 , 0.000 , -0.250 , 0.000 , 0.876 , 0.000
27.900 , 0.000 , 0.000 , -0.250 , 0.000 , 0.551 , 0.000
28.000 , 0.000 , 0.000 , -0.250 , 0.000 , 0.334 , 0.000
28.100 , 0.000 , 0.000 , -0.250 , 0.000 , 0.000 , 0.000
28.200 , 0.000 , 0.000 , -0.250 , 0.000 , 0.000 , 0.000
28.300 , 0.000 , 0.000 , -0.250 , 0.000 , 0.000 , 0.000
28.400 , 0.000 , 0.000 , -0.250 , 0.000 , 0.876 , 0.000
28.500 , 0.000 , 0.000 , -0.250 , 0.000 , 2.938 , 0.000
28.600 , 0.000 , 0.000 , -0.250 , 0.000 , 3.372 , 1.139
28.700 , 0.000 , 0.000 , -0.136 , 0.000 , 3.644 , 1.361
28.800 , 0.000 , 0.000 , -0.000 , 0.000 , 3.969 , 0.000
28.900 , 0.000 , 0.000 , -0.000 , 0.000 , 4.024 , 0.000
29.000 , 0.000 , 0.000 , -0.000 , 0.000 , 4.403 , 0.000
29.100 , 0.000 , 0.000 , -0.000 , 0.000 , 4.783 , 0.330
29.200 , 0.000 , 0.000 , 0.033 , 0.000 , 4.946 , 0.624
29.300 , 0.000 , 0.000 , 0.095 , 0.000 , 5.000 , 0.326
29.400 , 0.000 , 0.000 , 0.128 , 0.000 , 5.000 , 0.380
29.500 , 0.000 , 0.000 , 0.166 , 0.000 , 5.000 , 0.271
29.600 , 0.000 , 0.000 , 0.193 , 0.000 , 5.000 , 0.217
29.700 , 0.000 , 0.000 , 0.214 , 0.000 , 5.000 , 0.298
29.800 , 0.000 , 0.000 , 0.244 , 0.000 , 5.000 , 0.054
29.900 , 0.000 , 0.000 , 0.250 , 0.000 , 5.000 , 0.000
30.000 , 0.000 , 0.000 , 0.250 , 0.000 , 5.000 , 0.000
30.100 , 0.000 , 0.000 , 0.250 , 0.000 , 4.946 , 0.000
30.200 , 0.000 , 0.000 , 0.250 , 0.000 , 4.783 , 0.000
30.300 , 0.000 , 0.000 , 0.250 , 0.000 , 4.403 , 0.000
30.400 , 0.000 , 0.000 , 0.250 , 0.000 , 4.186 , 0.000
30.500 , 0.000 , 0.000 , 0.250 , 0.000 , 4.078 , 0.000
30.600 , 0.000 , 0.000 , 0.250 , 0.000 , 4.024 , 0.000
30.700 , 0.000 , 0.000 , 0.250 , 0.000 , 3.807 , 0.000
30.800 , 0.000 , 0.000 , 0.250 , 0.000 , 3.372 , 0.000
30.900 , 0.000 , 0.000 , 0.250 , 0.000 , 2.667 , 0.000
31.000 , 0.000 , 0.000 , 0.250 , 0.000 , 2.070 , 0.000
31.100 , 0.000 , 0.000 , 0.250 , 0.000 , 1.419 , 0.000
31.200 , 0.000 , 0.000 , 0.250 , 0.000 , 0.931 , -0.027
31.300 , 0.000 , 0.000 , 0.247 , 0.000 , 0.605 , 0.027
31.400 , 0.000 , 0.000 , 0.250 , 0.000 , 0.551 , 0.000
31.500 , 0.000 , 0.000 , 0.250 , 0.000 , 0.497 , 0.000
31.600 , 0.000 , 0.000 , 0.250 , 0.000 , 0.334 , 0.000
31.700 , 0.000 , 0.000 , 0.250 , 0.000 , 0.714 , 0.000
31.800 , 0.000 , 0.000 , 0.250 , 0.000 , 2.287 , 0.000
31.900 , 0.000 , 0.000 , 0.250 , 0.000 , 3.372 , 0.000
32.000 , 0.000 , 0.000 , 0.250 , 0.000 , 3.861 , 0.000
32.100 , 0.000 , 0.000 , 0.250 , 0.000 , 4.783 , 0.000
32.200 , 0.000 , 0.000 , 0.250 , 0.000 , 5.000 , 0.000
32.300 , 0.000 , 0.000 , 0.250 , 0.000 , 5.000 , -1.004
32.400 , 0.000 , 0.000 , 0.149 , 0.000 , 5.000 , -1.496
32.500 , 0.000 , 0.000 , -0.000 , 0.000 , 5.000 , 0.000
32.600 , 0.000 , 0.000 , -0.000 , 0.000 , 5.000 , 0.000
32.700 , 0.000 , 0.000 , -0.000 , 0.000 , 5.000 , -0.140
32.800 , 0.000 , 0.000 , -0.014 , 0.000 , 5.000 , -0.624
32.900 , 0.000 , 0.000 , -0.077 , 0.000 , 5.000 , -0.326
33.000 , 0.000 , 0.000 , -0.109 , 0.000 , 4.512 , -0.217
33.100 , 0.000 , 0.000 , -0.131 , 0.000 , 3.698 , -0.217
33.200 , 0.000 , 0.000 , -0.153 , 0.000 , 3.155 , 0.895
33.300 , 0.000 , 0.000 , -0.063 , 0.000 , 2.613 , 0.628
33.400 , 0.000 , 0.000 , -0.000 , 0.000 , 2.070 , 0.000
33.500 , 0.000 , 0.000 , -0.000 , 0.000 , 1.582 , 0.574
33.600 , 0.000 , 0.000 , 0.057 , 0.000 , 0.768 , 1.031
33.700 , 0.000 , 0.000 , 0.160 , 0.000 , 0.000 , 0.760
33.800 , 0.000 , 0.000 , 0.236 , 0.000 , 0.000 , 0.136
33.900 , 0.000 , 0.000 , 0.250 , 0.000 , 0.000 , -1.302
34.000 , 0.000 , 0.000 , 0.119 , 0.000 , 0.000 , -1.198
34.100 , 0.000 , 0.000 , -0.000 , 0.000 , 1.745 , -0.899
34.200 , 0.000 , 0.000 , -0.090 , 0.000 , 3.372 , -1.085
34.300 , 0.000 , 0.000 , -0.199 , 0.000 , 3.861 , -0.515
34.400 , 0.000 , 0.000 , -0.250 , 0.000 , 4.783 , 0.000
34.500 , 0.000 , 0.000 , -0.250 , 0.000 , 5.000 , 0.000
34.600 , 0.000 , 0.000 , -0.250 , 0.000 , 5.000 , 0.000
34.700 , 0.000 , 0.000 , -0.250 , 0.000 , 5.000 , 0.000
34.800 , 0.000 , 0.000 , -0.250 , 0.000 , 5.000 , 0.000
34.900 , 0.000 , 0.000 , -0.250 , 0.000 , 5.000 , 0.000
35.000 , 0.000 , 0.000 , -0.250 , 0.000 , 5.000 , 0.000
35.100 , 0.000 , 0.000 , -0.250 , 0.000 , 5.000 , 0.000
35.200 , 0.000 , 0.000 , -0.250 , 0.000 , 5.000 , 0.000
35.300 , 0.000 , 0.000 , -0.250 , 0.000 , 5.000 , 0.000
35.400 , 0.000 , 0.000 , -0.250 , 0.000 , 5.000 , 0.000
35.500 , 0.000 , 0.000 , -0.250 , 0.000 , 5.000 , 0.000
35.600 , 0.000 , 0.000 , -0.250 , 0.000 , 4.024 , 0.000
35.700 , 0.000 , 0.000 , -0.250 , 0.000 , 2.993 , 0.000
35.800 , 0.000 , 0.000 , -0.250 , 0.000 , 1.962 , 0.000
35.900 , 0.000 , 0.000 , -0.250 , 0.000 , 1.419 , 0.000
36.000 , 0.000 , 0.000 , -0.250 , 0.000 , 1.039 , 0.217
36.100 , 0.000 , 0.000 , -0.229 , 0.000 , 2.233 , 1.221
36.200 , 0.000 , 0.000 , -0.106 , 0.000 , 3.807 , 1.058
36.300 , 0.000 , 0.000 , -0.001 , 0.000 , 5.000 , -0.624
36.400 , 0.000 , 0.000 , -0.063 , 0.000 , 5.000 , -1.438
36.500 , 0.000 , 0.000 , -0.207 , 0.000 , 5.000 , -0.434
36.600 , 0.000 , 0.000 , -0.250 , 0.000 , 5.000 , 0.000
36.700 , 0.000 , 0.000 , -0.250 , 0.000 , 4.186 , 0.515
36.800 , 0.000 , 0.000 , -0.199 , 0.000 , 0.225 , 1.682
36.900 , 0.000 , 0.000 , -0.031 , 0.000 , 0.000 , 0.303
37.000 , 0.000 , 0.000 , -0.000 , 0.000 , 0.000 , 0.000
37.100 , 0.000 , 0.000 , -0.000 , 0.000 , 0.000 , 0.000
37.200 , 0.000 , 0.000 , -0.000 , 0.000 , 0.000 , 0.000
37.300 , 0.000 , 0.000 , -0.000 , 0.000 , 0.000 , -0.221
37.400 , 0.000 , 0.000 , -0.022 , 0.000 , 0.605 , -1.139
37.500 , 0.000 , 0.000 , -0.136 , 0.000 , 1.799 , -0.461
37.600 , 0.000 , 0.000 , -0.182 , 0.000 , 3.101 , -0.326
37.700 , 0.000 , 0.000 , -0.215 , 0.000 , 3.535 , -0.136
37.800 , 0.000 , 0.000 , -0.229 , 0.000 , 3.969 , -0.190
37.900 , 0.000 , 0.000 , -0.248 , 0.000 , 4.946 , -0.027
38.000 , 0.000 , 0.000 , -0.250 , 0.000 , 5.000 , 0.000
38.100 , 0.000 , 0.000 , -0.250 , 0.000 , 5.000 , 0.000
38.200 , 0.000 , 0.000 , -0.250 , 0.000 , 5.000 , 0.000
38.300 , 0.000 , 0.000 , -0.250 , 0.000 , 5.000 , 0.000
38.400 , 0.000 , 0.000 , -0.250 , 0.000 , 5.000 , 0.000
38.500 , 0.000 , 0.000 , -0.250 , 0.000 , 5.000 , 0.000
38.600 , 0.000 , 0.000 , -0.250 , 0.000 , 5.000 , 0.000
38.700 , 0.000 , 0.000 , -0.250 , 0.000 , 5.000 , 0.000
38.800 , 0.000 , 0.000 , -0.250 , 0.000 , 5.000 , 0.000
38.900 , 0.000 , 0.000 , -0.250 , 0.000 , 5.000 , 0.000
39.000 , 0.000 , 0.000 , -0.250 , 0.000 , 5.000 , 0.000
39.100 , 0.000 , 0.000 , -0.250 , 0.000 , 5.000 , 0.000
39.200 , 0.000 , 0.000 , -0.250 , 0.000 , 5.000 , 0.000
39.300 , 0.000 , 0.000 , -0.250 , 0.000 , 5.000 , 0.000
39.400 , 0.000 , 0.000 , -0.250 , 0.000 , 5.000 , 0.000
39.500 , 0.000 , 0.000 , -0.250 , 0.000 , 5.000 , 0.000
39.600 , 0.000 , 0.000 , -0.250 , 0.000 , 5.000 , 0.000
39.700 , 0.000 , 0.000 , -0.250 , 0.000 , 5.000 , 0.000
39.800 , 0.000 , 0.000 , -0.250 , 0.000 , 5.000 , 0.000
39.900 , 0.000 , 0.000 , -0.250 , 0.000 , 5.000 , 0.000
40.000 , 0.000 , 0.000 , -0.250 , 0.000 , 5.000 , 0.000
40.100 , 0.000 , 0.000 , -0.250 , 0.000 , 5.000 , 0.000
40.200 , 0.000 , 0.000 , -0.250 , 0.000 , 5.000 , 0.000
40.300 , 0.000 , 0.000 , -0.250 , 0.000 , 5.000 , 0.000
40.400 , 0.000 , 0.000 , -0.250 , 0.000 , 5.000 , 0.000
40.500 , 0.000 , 0.000 , -0.250 , 0.000 , 5.000 , 0.000
40.600 , 0.000 , 0.000 , -0.250 , 0.000 , 5.000 , 0.000
40.700 , 0.000 , 0.000 , -0.250 , 0.000 , 5.000 , 0.000
40.800 , 0.000 , 0.000 , -0.250 , 0.000 , 5.000 , 0.000
40.900 , 0.000 , 0.000 , -0.250 , 0.000 , 5.000 , 0.000
41.000 , 0.000 , 0.000 , -0.250 , 0.000 , 5.000 , 0.000
41.100 , 0.000 , 0.000 , -0.250 , 0.000 , 5.000 , 0.000
41.200 , 0.000 , 0.000 , -0.250 , 0.000 , 5.000 , 0.000
41.300 , 0.000 , 0.000 , -0.250 , 0.000 , 5.000 , 0.000
41.400 , 0.000 , 0.000 , -0.250 , 0.000 , 5.000 , 0.000
41.500 , 0.000 , 0.000 , -0.250 , 0.000 , 5.000 , 0.000
41.600 , 0.000 , 0.000 , -0.250 , 0.000 , 5.000 , 0.000
41.700 , 0.000 , 0.000 , -0.250 , 0.000 , 5.000 , 0.000
41.800 , 0.000 , 0.000 , -0.250 , 0.000 , 5.000 , 0.000
41.900 , 0.000 , 0.000 , -0.250 , 0.000 , 5.000 , 0.000
42.000 , 0.000 , 0.000 , -0.250 , 0.000 , 5.000 , 0.000
42.100 , 0.000 , 0.000 , -0.250 , 0.000 , 5.000 , 0.000
42.200 , 0.000 , 0.000 , -0.250 , 0.000 , 5.000 , 0.000
42.300 , 0.000 , 0.000 , -0.250 , 0.000 , 5.000 , 0.000
42.400 , 0.000 , 0.000 , -0.250 , 0.000 , 5.000 , 0.000
42.500 , 0.000 , 0.000 , -0.250 , 0.000 , 5.000 , 0.000
42.600 , 0.000 , 0.000 , -0.250 , 0.000 , 5.000 , 0.000
42.700 , 0.000 , 0.000 , -0.250 , 0.000 , 5.000 , 0.000
42.800 , 0.000 , 0.000 , -0.250 , 0.000 , 5.000 , 0.000
42.900 , 0.000 , 0.000 , -0.250 , 0.000 , 5.000 , 0.000
43.000 , 0.000 , 0.000 , -0.250 , 0.000 , 5.000 , 0.000
43.100 , 0.000 , 0.000 , -0.250 , 0.000 , 5.000 , 0.000
43.200 , 0.000 , 0.000 , -0.250 , 0.000 , 5.000 , 0.000
43.300 , 0.000 , 0.000 , -0.250 , 0.000 , 5.000 , 0.000
43.400 , 0.000 , 0.000 , -0.250 , 0.000 , 5.000 , 0.000
43.500 , 0.000 , 0.000 , -0.250 , 0.000 , 5.000 , 0.000
43.600 , 0.000 , 0.000 , -0.250 , 0.000 , 4.892 , 0.841
43.700 , 0.000 , 0.000 , -0.166 , 0.000 , 2.450 , 1.492
43.800 , 0.000 , 0.000 , -0.017 , 0.000 , 0.000 , 0.167
43.900 , 0.000 , 0.000 , -0.000 , 0.000 , -0.388 , 0.000
44.000 , 0.000 , 0.000 , -0.000 , 0.000 , -0.171 , 0.000
44.100 , 0.000 , 0.000 , -0.000 , 0.000 , 0.000 , 0.000
44.200 , 0.000 , 0.000 , -0.000 , 0.000 , 0.000 , 0.000
44.300 , 0.000 , 0.000 , -0.000 , 0.000 , 0.000 , 0.000
44.400 , 0.000 , 0.000 , -0.000 , 0.000 , 0.171 , -0.926
44.500 , 0.000 , 0.000 , -0.093 , 0.000 , 1.256 , -1.519
44.600 , 0.000 , 0.000 , -0.245 , 0.000 , 2.342 , -0.054
44.700 , 0.000 , 0.000 , -0.250 , 0.000 , 3.861 , 0.000
44.800 , 0.000 , 0.000 , -0.250 , 0.000 , 4.783 , 0.000
44.900 , 0.000 , 0.000 , -0.250 , 0.000 , 5.000 , 0.000
45.000 , 0.000 , 0.000 , -0.250 , 0.000 , 5.000 , 0.000
45.100 , 0.000 , 0.000 , -0.250 , 0.000 , 5.000 , 0.000
45.200 , 0.000 , 0.000 , -0.250 , 0.000 , 5.000 , 0.000
45.300 , 0.000 , 0.000 , -0.250 , 0.000 , 5.000 , 0.000
45.400 , 0.000 , 0.000 , -0.250 , 0.000 , 5.000 , 0.000
45.500 , 0.000 , 0.000 , -0.250 , 0.000 , 5.000 , 0.000
45.600 , 0.000 , 0.000 , -0.250 , 0.000 , 5.000 , 0.000
45.700 , 0.000 , 0.000 , -0.250 , 0.000 , 5.000 , 0.000
45.800 , 0.000 , 0.000 , -0.250 , 0.000 , 5.000 , 0.000
45.900 , 0.000 , 0.000 , -0.250 , 0.000 , 5.000 , 0.000
46.000 , 0.000 , 0.000 , -0.250 , 0.000 , 5.000 , 0.000
46.100 , 0.000 , 0.000 , -0.250 , 0.000 , 5.000 , 1.058
46.200 , 0.000 , 0.000 , -0.144 , 0.000 , 5.000 , 1.442
46.300 , 0.000 , 0.000 , -0.000 , 0.000 , 4.078 , 0.000
46.400 , 0.000 , 0.000 , -0.000 , 0.000 , 1.907 , -0.004
46.500 , 0.000 , 0.000 , -0.001 , 0.000 , 0.000 , -0.136
46.600 , 0.000 , 0.000 , -0.014 , 0.000 , 0.000 , 0.140
46.700 , 0.000 , 0.000 , -0.000 , 0.000 , 0.000 , 0.000
46.800 , 0.000 , 0.000 , -0.000 , 0.000 , 0.000 , 0.000
46.900 , 0.000 , 0.000 , -0.000 , 0.000 , 0.000 , 0.000
47.000 , 0.000 , 0.000 , -0.000 , 0.000 , 0.388 , -2.391
47.100 , 0.000 , 0.000 , -0.239 , 0.000 , 1.365 , -0.109
47.200 , 0.000 , 0.000 , -0.250 , 0.000 , 1.907 , 0.000
47.300 , 0.000 , 0.000 , -0.250 , 0.000 , 2.613 , 0.000
47.400 , 0.000 , 0.000 , -0.250 , 0.000 , 3.210 , 0.000
47.500 , 0.000 , 0.000 , -0.250 , 0.000 , 3.535 , 0.000
47.600 , 0.000 , 0.000 , -0.250 , 0.000 , 3.861 , 0.000
47.700 , 0.000 , 0.000 , -0.250 , 0.000 , 3.861 , 0.000
47.800 , 0.000 , 0.000 , -0.250 , 0.000 , 3.861 , 0.000
47.900 , 0.000 , 0.000 , -0.250 , 0.000 , 3.861 , 0.000
48.000 , 0.000 , 0.000 , -0.250 , 0.000 , 3.861 , 0.000
48.100 , 0.000 , 0.000 , -0.250 , 0.000 , 3.861 , 0.000
48.200 , 0.000 , 0.000 , -0.250 , 0.000 , 3.861 , 0.000
48.300 , 0.000 , 0.000 , -0.250 , 0.000 , 3.861 , 0.000
48.400 , 0.000 , 0.000 , -0.250 , 0.000 , 3.861 , 0.000
48.500 , 0.000 , 0.000 , -0.250 , 0.000 , 3.861 , 0.000
48.600 , 0.000 , 0.000 , -0.250 , 0.000 , 3.861 , 0.000
48.700 , 0.000 , 0.000 , -0.250 , 0.000 , 3.861 , 0.000
48.800 , 0.000 , 0.000 , -0.250 , 0.000 , 3.861 , 0.000
48.900 , 0.000 , 0.000 , -0.250 , 0.000 , 3.861 , 0.000
49.000 , 0.000 , 0.000 , -0.250 , 0.000 , 3.861 , 0.000
49.100 , 0.000 , 0.000 , -0.250 , 0.000 , 3.861 , 0.000
49.200 , 0.000 , 0.000 , -0.250 , 0.000 , 3.861 , 0.000
49.300 , 0.000 , 0.000 , -0.250 , 0.000 , 3.861 , 0.000
49.400 , 0.000 , 0.000 , -0.250 , 0.000 , 3.861 , 0.000
49.500 , 0.000 , 0.000 , -0.250 , 0.000 , 3.861 , 0.000
49.600 , 0.000 , 0.000 , -0.250 , 0.000 , 3.861 , 0.000
49.700 , 0.000 , 0.000 , -0.250 , 0.000 , 3.861 , 0.000
49.800 , 0.000 , 0.000 , -0.250 , 0.000 , 3.861 , 0.000
49.900 , 0.000 , 0.000 , -0.250 , 0.000 , 3.861 , 0.000
50.000 , 0.000 , 0.000 , -0.250 , 0.000 , 3.861 , 0.000
50.100 , 0.000 , 0.000 , -0.250 , 0.000 , 3.861 , 0.000
50.200 , 0.000 , 0.000 , -0.250 , 0.000 , 3.372 , 0.000
50.300 , 0.000 , 0.000 , -0.250 , 0.000 , 2.938 , 0.000
50.400 , 0.000 , 0.000 , -0.250 , 0.000 , 1.419 , 2.500
50.500 , 0.000 , 0.000 , -0.000 , 0.000 , 0.000 , 0.000
50.600 , 0.000 , 0.000 , -0.000 , 0.000 , -0.659 , 0.000
50.700 , 0.000 , 0.000 , -0.000 , 0.000 , -1.582 , -0.058
50.800 , 0.000 , 0.000 , -0.006 , 0.000 , -3.155 , -0.624
50.900 , 0.000 , 0.000 , -0.068 , 0.000 , -4.349 , -0.326
51.000 , 0.000 , 0.000 , -0.101 , 0.000 , -5.000 , -0.136
51.100 , 0.000 , 0.000 , -0.115 , 0.000 , -5.000 , -0.163
51.200 , 0.000 , 0.000 , -0.131 , 0.000 , -5.000 , 0.000
51.300 , 0.000 , 0.000 , -0.131 , 0.000 , -5.000 , 0.000
51.400 , 0.000 , 0.000 , -0.131 , 0.000 , -5.000 , 0.000
51.500 , 0.000 , 0.000 , -0.131 , 0.000 , -5.000 , 0.000
51.600 , 0.000 , 0.000 , -0.131 , 0.000 , -5.000 , 1.221
51.700 , 0.000 , 0.000 , -0.009 , 0.000 , 0.000 , 0.085
51.800 , 0.000 , 0.000 , -0.000 , 0.000 , 0.008 , 0.000
51.900 , 0.000 , 0.000 , -0.000 , 0.000 , 0.008 , -0.547
52.000 , 0.000 , 0.000 , -0.055 , 0.000 , 0.714 , -1.194
52.100 , 0.000 , 0.000 , -0.174 , 0.000 , 1.039 , -0.760
52.200 , 0.000 , 0.000 , -0.250 , 0.000 , 1.093 , 0.000
52.300 , 0.000 , 0.000 , -0.250 , 0.000 , 1.093 , 0.000
52.400 , 0.000 , 0.000 , -0.250 , 0.000 , 1.365 , 0.000
52.500 , 0.000 , 0.000 , -0.250 , 0.000 , 1.365 , 0.000
52.600 , 0.000 , 0.000 , -0.250 , 0.000 , 1.365 , 0.000
52.700 , 0.000 , 0.000 , -0.250 , 0.000 , 1.365 , 0.000
52.800 , 0.000 , 0.000 , -0.250 , 0.000 , 1.365 , 0.000
52.900 , 0.000 , 0.000 , -0.250 , 0.000 , 1.365 , 0.000
53.000 , 0.000 , 0.000 , -0.250 , 0.000 , 1.365 , 0.000
53.100 , 0.000 , 0.000 , -0.250 , 0.000 , 1.365 , 0.000
53.200 , 0.000 , 0.000 , -0.250 , 0.000 , 1.419 , 0.000
53.300 , 0.000 , 0.000 , -0.250 , 0.000 , 1.745 , 0.000
53.400 , 0.000 , 0.000 , -0.250 , 0.000 , 2.233 , 0.109
53.500 , 0.000 , 0.000 , -0.240 , 0.000 , 2.504 , 0.109
53.600 , 0.000 , 0.000 , -0.229 , 0.000 , 2.830 , 0.054
53.700 , 0.000 , 0.000 , -0.223 , 0.000 , 2.830 , 0.000
53.800 , 0.000 , 0.000 , -0.223 , 0.000 , 2.830 , 0.109
53.900 , 0.000 , 0.000 , -0.212 , 0.000 , 2.938 , 0.380
54.000 , 0.000 , 0.000 , -0.174 , 0.000 , 2.938 , 1.221
54.100 , 0.000 , 0.000 , -0.052 , 0.000 , 1.636 , 0.520
54.200 , 0.000 , 0.000 , -0.000 , 0.000 , 0.000 , 0.000
54.300 , 0.000 , 0.000 , -0.000 , 0.000 , 0.000 , 0.000
54.400 , 0.000 , 0.000 , -0.000 , 0.000 , 0.000 , 0.000
54.500 , 0.000 , 0.000 , -0.000 , 0.000 , 0.000 , 0.000
54.600 , 0.000 , 0.000 , -0.000 , 0.000 , 0.000 , 0.000
54.700 , 0.000 , 0.000 , -0.000 , 0.000 , 0.000 , 0.000
54.800 , 0.000 , 0.000 , -0.000 , 0.000 , 0.000 , 0.000
54.900 , 0.000 , 0.000 , -0.000 , 0.000 , 0.000 , 0.000
55.000 , 0.000 , 0.000 , -0.000 , 0.000 , 0.000 , 0.000
55.100 , 0.000 , 0.000 , -0.000 , 0.000 , 0.000 , 0.000
55.200 , 0.000 , 0.000 , -0.000 , 0.000 , 0.000 , 0.000
55.300 , 0.000 , 0.000 , -0.000 , 0.000 , 0.000 , 0.000
55.400 , 0.000 , 0.000 , -0.000 , 0.000 , 0.000 , 0.000
55.500 , 0.000 , 0.000 , -0.000 , 0.000 , 0.000 , 0.000
55.600 , 0.000 , 0.000 , -0.000 , 0.000 , 0.000 , 0.000
55.700 , 0.000 , 0.000 , -0.000 , 0.000 , 0.000 , 0.000
55.800 , 0.000 , 0.000 , -0.000 , 0.000 , 0.000 , 0.000
55.900 , 0.000 , 0.000 , -0.000 , 0.000 , 0.000 , 0.000
56.000 , 0.000 , 0.000 , -0.000 , 0.000 , 0.000 , 0.000
56.100 , 0.000 , 0.000 , -0.000 , 0.000 , 0.000 , 0.000
56.200 , 0.000 , 0.000 , -0.000 , 0.000 , 0.000 , 0.000
56.300 , 0.000 , 0.000 , -0.000 , 0.000 , 0.000 , 0.000
56.400 , 0.000 , 0.000 , -0.000 , 0.000 , 0.000 , 0.000
56.500 , 0.000 , 0.000 , -0.000 , 0.000 , 0.000 , 0.000
56.600 , 0.000 , 0.000 , -0.000 , 0.000 , 0.000 , 0.000
56.700 , 0.000 , 0.000 , -0.000 , 0.000 , 0.000 , 0.000
56.800 , 0.000 , 0.000 , -0.000 , 0.000 , 0.000 , 0.000
56.900 , 0.000 , 0.000 , -0.000 , 0.000 , 0.000 , 0.000
57.000 , 0.000 , 0.000 , -0.000 , 0.000 , 0.000 , 0.000
57.100 , 0.000 , 0.000 , -0.000 , 0.000 , 0.000 , 0.000
57.200 , 0.000 , 0.000 , -0.000 , 0.000 , 0.000 , 0.000
57.300 , 0.000 , 0.000 , -0.000 , 0.000 , 0.000 , 0.000
57.400 , 0.000 , 0.000 , -0.000 , 0.000 , 0.000 , 0.000
57.500 , 0.000 , 0.000 , -0.000 , 0.000 , 0.000 , 0.000

The car has stopped. Here are the final results:
travel                   tire  | hdng
time:  | x:    | y:    | angle:| theta:
57.600 , 0.000 , 0.000 , -0.000 , 0.000
